4,4,4,4,4,4,4,4,4,4,4,4,4,4,4,4,4,4,4,4,4,4,4,4,4,4,4,4,4,4,4,4,4,4,4,4,4,4,4,4,
4,4,4,4,4,4,4,4,4,4,4,4,4,4,4,4,4,4,4,4,4,4,4,4,4,4,4,4,4,4,4,4,4,4,4,4,4,4,4,4,
4,4,0,0,0,0,0,0,0,0,0,0,0,0,0,0,0,0,0,0,0,0,0,0,0,0,0,0,0,0,0,0,0,0,0,0,0,0,4,4,
4,4,0,0,0,0,0,0,0,0,0,0,0,0,0,0,0,0,0,0,0,0,0,0,0,0,0,0,0,0,0,0,0,0,0,0,0,0,4,4,
4,4,0,0,0,0,0,0,0,0,0,0,0,0,0,0,0,0,0,0,0,0,0,0,0,0,0,0,5,0,0,0,0,0,0,0,0,0,4,4,
4,4,0,0,0,0,0,0,0,4,0,0,4,0,0,0,4,4,0,0,0,4,0,0,4,0,0,4,4,4,0,0,0,0,0,0,0,0,4,4,
4,4,0,0,0,0,0,0,0,4,0,0,4,0,0,4,0,0,4,0,0,4,0,0,4,0,0,4,0,0,0,0,0,0,0,0,0,0,4,4,
4,4,0,0,0,0,0,0,0,4,4,4,4,0,0,4,4,4,4,0,0,0,4,4,0,0,0,4,4,0,0,0,0,0,0,0,0,0,4,4,
4,4,0,0,0,0,0,0,0,4,0,0,4,0,0,4,0,0,4,0,0,4,0,0,4,0,0,4,0,0,0,0,0,0,0,0,0,0,4,4,
4,4,0,0,0,0,0,0,0,4,0,0,4,0,0,4,0,0,4,0,0,4,0,0,4,0,0,4,4,4,0,0,0,0,0,0,0,0,4,4,
4,4,0,0,0,0,0,0,0,0,0,0,0,0,0,0,0,0,0,0,0,0,0,0,0,0,0,0,0,0,0,0,0,0,0,0,0,0,4,4,
4,4,0,0,0,0,0,0,0,0,0,0,0,0,0,0,0,0,0,0,0,0,0,0,0,0,0,0,0,0,0,0,0,0,0,0,0,0,4,4,
4,4,0,0,0,0,0,0,0,0,0,0,0,0,0,0,0,0,0,0,0,0,0,0,0,0,0,0,0,0,0,0,0,0,0,0,0,0,4,4,
4,4,0,0,0,0,0,0,0,0,0,0,0,0,0,0,0,0,0,0,0,0,0,0,0,0,0,0,0,0,0,0,0,0,0,0,0,0,4,4,
4,4,0,0,0,0,0,0,0,0,0,0,0,0,0,0,0,0,0,0,0,0,0,0,0,0,0,0,0,0,0,0,0,0,0,0,0,5,4,4,
4,4,0,0,0,0,0,0,0,0,0,0,0,0,0,0,0,0,0,0,0,0,0,0,6,0,0,0,0,0,0,0,0,0,0,0,5,5,4,4,
4,4,0,0,0,0,0,0,0,0,5,0,0,0,0,0,0,0,0,0,0,0,5,5,5,5,0,0,0,0,0,0,0,5,0,5,5,5,4,4,
4,4,0,0,0,0,0,0,5,5,5,5,0,0,0,0,0,0,5,0,0,0,5,5,5,5,5,0,0,0,0,0,5,5,5,5,5,5,4,4,
4,4,4,4,4,4,4,4,4,4,4,4,4,4,4,4,4,4,4,4,4,4,4,4,4,4,4,4,4,4,4,4,4,4,4,4,4,4,4,4,
4,4,4,4,4,4,4,4,4,4,4,4,4,4,4,4,4,4,4,4,4,4,4,4,4,4,4,4,4,4,4,4,4,4,4,4,4,4,4,4